accuracy = 0.8729352442932016
classificationReport = {'0.0': {'precision': 0.8940441503284112, 'recall': 0.8987043288324067, 'f1-score': 0.896368182605897, 'support': 40288.0}, '1.0': {'precision': 0.8789368014144018, 'recall': 0.8833840315634129, 'f1-score': 0.8811548051791991, 'support': 33203.0}, '2.0': {'precision': 0.7142427432696646, 'recall': 0.6758218300839619, 'f1-score': 0.69450131617432, 'support': 7027.0}, 'accuracy': 0.8729352442932016, 'macro avg': {'precision': 0.8290745650041592, 'recall': 0.8193033968265939, 'f1-score': 0.8240081013198054, 'support': 80518.0}, 'weighted avg': {'precision': 0.8721226694993585, 'recall': 0.8729352442932016, 'f1-score': 0.8724772732301879, 'support': 80518.0}}
eval_loss = 0.3632078995701693
f_macro = 0.8240081013198054
f_micro = 0.8729352442932016
f_w = 0.8724772732301879
mcc = 0.7771920128941107
p_macro = 0.8290745650041592
p_micro = 0.8729352442932016
p_w = 0.8721226694993585
r_macro = 0.8193033968265939
r_micro = 0.8729352442932016
r_w = 0.8729352442932016
